id: 1
period: 203.04604
depth: 0.505
duration: 471.4
t0: 1353.0011
sectors: [1, 2, 3, 4, 5, 6, 7, 8, 9, 10, 11, 12, 13, 27, 29, 30, 31, 32, 33, 34, 35, 36, 37, 39]
number: 1
curve: 2
rp_rs: 0.02099
a: 0.64911
