settings:
  cpus: 7
planet:
  id: 231663901
  period: 1.4309133565904666
  t0: 1326.004206688168
  rp_rs: 0.10455530183261129
  #a: 0.023956743942126872
star:
  R_star: 1.02
  M_star: 1.05

